pc:	 00000000
instr:		 00c06e93
rf00-03:	 00000000 00000000 00000000 00000000
rf04-07:	 00000000 00000000 00000000 00000000
rf08-11:	 00000000 00000000 00000000 00000000
rf12-15:	 00000000 00000000 00000000 00000000
rf16-19:	 00000000 00000000 00000000 00000000
rf20-23:	 00000000 00000000 00000000 00000000
rf24-27:	 00000000 00000000 00000000 00000000
rf28-31:	 00000000 00000000 00000000 00000000
pc:	 00000004
instr:		 12306413
rf00-03:	 00000000 00000000 00000000 00000000
rf04-07:	 00000000 00000000 00000000 00000000
rf08-11:	 00000000 00000000 00000000 00000000
rf12-15:	 00000000 00000000 00000000 00000000
rf16-19:	 00000000 00000000 00000000 00000000
rf20-23:	 00000000 00000000 00000000 00000000
rf24-27:	 00000000 00000000 00000000 00000000
rf28-31:	 00000000 0000000c 00000000 00000000
pc:	 00000008
instr:		 45606493
rf00-03:	 00000000 00000000 00000000 00000000
rf04-07:	 00000000 00000000 00000000 00000000
rf08-11:	 00000123 00000000 00000000 00000000
rf12-15:	 00000000 00000000 00000000 00000000
rf16-19:	 00000000 00000000 00000000 00000000
rf20-23:	 00000000 00000000 00000000 00000000
rf24-27:	 00000000 00000000 00000000 00000000
rf28-31:	 00000000 0000000c 00000000 00000000
pc:	 0000000c
instr:		 22206713
rf00-03:	 00000000 00000000 00000000 00000000
rf04-07:	 00000000 00000000 00000000 00000000
rf08-11:	 00000123 00000456 00000000 00000000
rf12-15:	 00000000 00000000 00000000 00000000
rf16-19:	 00000000 00000000 00000000 00000000
rf20-23:	 00000000 00000000 00000000 00000000
rf24-27:	 00000000 00000000 00000000 00000000
rf28-31:	 00000000 0000000c 00000000 00000000
pc:	 00000010
instr:		 11147513
rf00-03:	 00000000 00000000 00000000 00000000
rf04-07:	 00000000 00000000 00000000 00000000
rf08-11:	 00000123 00000456 00000000 00000000
rf12-15:	 00000000 00000000 00000222 00000000
rf16-19:	 00000000 00000000 00000000 00000000
rf20-23:	 00000000 00000000 00000000 00000000
rf24-27:	 00000000 00000000 00000000 00000000
rf28-31:	 00000000 0000000c 00000000 00000000
pc:	 00000014
instr:		 11348593
rf00-03:	 00000000 00000000 00000000 00000000
rf04-07:	 00000000 00000000 00000000 00000000
rf08-11:	 00000123 00000456 00000101 00000000
rf12-15:	 00000000 00000000 00000222 00000000
rf16-19:	 00000000 00000000 00000000 00000000
rf20-23:	 00000000 00000000 00000000 00000000
rf24-27:	 00000000 00000000 00000000 00000000
rf28-31:	 00000000 0000000c 00000000 00000000
pc:	 00000018
instr:		 009403b3
rf00-03:	 00000000 00000000 00000000 00000000
rf04-07:	 00000000 00000000 00000000 00000000
rf08-11:	 00000123 00000456 00000101 00000569
rf12-15:	 00000000 00000000 00000222 00000000
rf16-19:	 00000000 00000000 00000000 00000000
rf20-23:	 00000000 00000000 00000000 00000000
rf24-27:	 00000000 00000000 00000000 00000000
rf28-31:	 00000000 0000000c 00000000 00000000
pc:	 0000001c
instr:		 40938333
rf00-03:	 00000000 00000000 00000000 00000000
rf04-07:	 00000000 00000000 00000000 00000579
rf08-11:	 00000123 00000456 00000101 00000569
rf12-15:	 00000000 00000000 00000222 00000000
rf16-19:	 00000000 00000000 00000000 00000000
rf20-23:	 00000000 00000000 00000000 00000000
rf24-27:	 00000000 00000000 00000000 00000000
rf28-31:	 00000000 0000000c 00000000 00000000
pc:	 00000020
instr:		 0063c333
rf00-03:	 00000000 00000000 00000000 00000000
rf04-07:	 00000000 00000000 00000123 00000579
rf08-11:	 00000123 00000456 00000101 00000569
rf12-15:	 00000000 00000000 00000222 00000000
rf16-19:	 00000000 00000000 00000000 00000000
rf20-23:	 00000000 00000000 00000000 00000000
rf24-27:	 00000000 00000000 00000000 00000000
rf28-31:	 00000000 0000000c 00000000 00000000
pc:	 00000024
instr:		 00946533
rf00-03:	 00000000 00000000 00000000 00000000
rf04-07:	 00000000 00000000 0000045a 00000579
rf08-11:	 00000123 00000456 00000101 00000569
rf12-15:	 00000000 00000000 00000222 00000000
rf16-19:	 00000000 00000000 00000000 00000000
rf20-23:	 00000000 00000000 00000000 00000000
rf24-27:	 00000000 00000000 00000000 00000000
rf28-31:	 00000000 0000000c 00000000 00000000
pc:	 00000028
instr:		 00a4f5b3
rf00-03:	 00000000 00000000 00000000 00000000
rf04-07:	 00000000 00000000 0000045a 00000579
rf08-11:	 00000123 00000456 00000577 00000569
rf12-15:	 00000000 00000000 00000222 00000000
rf16-19:	 00000000 00000000 00000000 00000000
rf20-23:	 00000000 00000000 00000000 00000000
rf24-27:	 00000000 00000000 00000000 00000000
rf28-31:	 00000000 0000000c 00000000 00000000
pc:	 0000002c
instr:		 78974793
rf00-03:	 00000000 00000000 00000000 00000000
rf04-07:	 00000000 00000000 0000045a 00000579
rf08-11:	 00000123 00000456 00000577 00000456
rf12-15:	 00000000 00000000 00000222 00000000
rf16-19:	 00000000 00000000 00000000 00000000
rf20-23:	 00000000 00000000 00000000 00000000
rf24-27:	 00000000 00000000 00000000 00000000
rf28-31:	 00000000 0000000c 00000000 00000000
pc:	 00000030
instr:		 00802023
rf00-03:	 00000000 00000000 00000000 00000000
rf04-07:	 00000000 00000000 0000045a 00000579
rf08-11:	 00000123 00000456 00000577 00000456
rf12-15:	 00000000 00000000 00000222 000005ab
rf16-19:	 00000000 00000000 00000000 00000000
rf20-23:	 00000000 00000000 00000000 00000000
rf24-27:	 00000000 00000000 00000000 00000000
rf28-31:	 00000000 0000000c 00000000 00000000
pc:	 00000034
instr:		 00902223
rf00-03:	 00000000 00000000 00000000 00000000
rf04-07:	 00000000 00000000 0000045a 00000579
rf08-11:	 00000123 00000456 00000577 00000456
rf12-15:	 00000000 00000000 00000222 000005ab
rf16-19:	 00000000 00000000 00000000 00000000
rf20-23:	 00000000 00000000 00000000 00000000
rf24-27:	 00000000 00000000 00000000 00000000
rf28-31:	 00000000 0000000c 00000000 00000000
pc:	 00000038
instr:		 007ea223
rf00-03:	 00000000 00000000 00000000 00000000
rf04-07:	 00000000 00000000 0000045a 00000579
rf08-11:	 00000123 00000456 00000577 00000456
rf12-15:	 00000000 00000000 00000222 000005ab
rf16-19:	 00000000 00000000 00000000 00000000
rf20-23:	 00000000 00000000 00000000 00000000
rf24-27:	 00000000 00000000 00000000 00000000
rf28-31:	 00000000 0000000c 00000000 00000000
pc:	 0000003c
instr:		 00002283
rf00-03:	 00000000 00000000 00000000 00000000
rf04-07:	 00000000 00000000 0000045a 00000579
rf08-11:	 00000123 00000456 00000577 00000456
rf12-15:	 00000000 00000000 00000222 000005ab
rf16-19:	 00000000 00000000 00000000 00000000
rf20-23:	 00000000 00000000 00000000 00000000
rf24-27:	 00000000 00000000 00000000 00000000
rf28-31:	 00000000 0000000c 00000000 00000000
pc:	 00000040
instr:		 00540463
rf00-03:	 00000000 00000000 00000000 00000000
rf04-07:	 00000000 00000123 0000045a 00000579
rf08-11:	 00000123 00000456 00000577 00000456
rf12-15:	 00000000 00000000 00000222 000005ab
rf16-19:	 00000000 00000000 00000000 00000000
rf20-23:	 00000000 00000000 00000000 00000000
rf24-27:	 00000000 00000000 00000000 00000000
rf28-31:	 00000000 0000000c 00000000 00000000
pc:	 00000048
instr:		 00402283
rf00-03:	 00000000 00000000 00000000 00000000
rf04-07:	 00000000 00000123 0000045a 00000579
rf08-11:	 00000123 00000456 00000577 00000456
rf12-15:	 00000000 00000000 00000222 000005ab
rf16-19:	 00000000 00000000 00000000 00000000
rf20-23:	 00000000 00000000 00000000 00000000
rf24-27:	 00000000 00000000 00000000 00000000
rf28-31:	 00000000 0000000c 00000000 00000000
