pc:	 00000000
instr:		 00206393
rf00-03:	 00000000 00000000 00000000 00000000
rf04-07:	 00000000 00000000 00000000 00000000
rf08-11:	 00000000 00000000 00000000 00000000
rf12-15:	 00000000 00000000 00000000 00000000
rf16-19:	 00000000 00000000 00000000 00000000
rf20-23:	 00000000 00000000 00000000 00000000
rf24-27:	 00000000 00000000 00000000 00000000
rf28-31:	 00000000 00000000 00000000 00000000
pc:	 00000004
instr:		 00206413
rf00-03:	 00000000 00000000 00000000 00000000
rf04-07:	 00000000 00000000 00000000 00000002
rf08-11:	 00000000 00000000 00000000 00000000
rf12-15:	 00000000 00000000 00000000 00000000
rf16-19:	 00000000 00000000 00000000 00000000
rf20-23:	 00000000 00000000 00000000 00000000
rf24-27:	 00000000 00000000 00000000 00000000
rf28-31:	 00000000 00000000 00000000 00000000
pc:	 00000008
instr:		 00306493
rf00-03:	 00000000 00000000 00000000 00000000
rf04-07:	 00000000 00000000 00000000 00000002
rf08-11:	 00000002 00000000 00000000 00000000
rf12-15:	 00000000 00000000 00000000 00000000
rf16-19:	 00000000 00000000 00000000 00000000
rf20-23:	 00000000 00000000 00000000 00000000
rf24-27:	 00000000 00000000 00000000 00000000
rf28-31:	 00000000 00000000 00000000 00000000
pc:	 0000000c
instr:		 00946463
rf00-03:	 00000000 00000000 00000000 00000000
rf04-07:	 00000000 00000000 00000000 00000002
rf08-11:	 00000002 00000003 00000000 00000000
rf12-15:	 00000000 00000000 00000000 00000000
rf16-19:	 00000000 00000000 00000000 00000000
rf20-23:	 00000000 00000000 00000000 00000000
rf24-27:	 00000000 00000000 00000000 00000000
rf28-31:	 00000000 00000000 00000000 00000000
pc:	 00000014
instr:		 40940133
rf00-03:	 00000000 00000000 00000000 00000000
rf04-07:	 00000000 00000000 00000000 00000002
rf08-11:	 00000002 00000003 00000000 00000000
rf12-15:	 00000000 00000000 00000000 00000000
rf16-19:	 00000000 00000000 00000000 00000000
rf20-23:	 00000000 00000000 00000000 00000000
rf24-27:	 00000000 00000000 00000000 00000000
rf28-31:	 00000000 00000000 00000000 00000000
pc:	 00000018
instr:		 xxxxxxxx
rf00-03:	 00000000 00000000 ffffffff 00000000
rf04-07:	 00000000 00000000 00000000 00000002
rf08-11:	 00000002 00000003 00000000 00000000
rf12-15:	 00000000 00000000 00000000 00000000
rf16-19:	 00000000 00000000 00000000 00000000
rf20-23:	 00000000 00000000 00000000 00000000
rf24-27:	 00000000 00000000 00000000 00000000
rf28-31:	 00000000 00000000 00000000 00000000
pc:	 0000001c
instr:		 xxxxxxxx
rf00-03:	 00000000 00000000 ffffffff 00000000
rf04-07:	 00000000 00000000 00000000 00000002
rf08-11:	 00000002 00000003 00000000 00000000
rf12-15:	 00000000 00000000 00000000 00000000
rf16-19:	 00000000 00000000 00000000 00000000
rf20-23:	 00000000 00000000 00000000 00000000
rf24-27:	 00000000 00000000 00000000 00000000
rf28-31:	 00000000 00000000 00000000 00000000
pc:	 00000020
instr:		 xxxxxxxx
rf00-03:	 00000000 00000000 ffffffff 00000000
rf04-07:	 00000000 00000000 00000000 00000002
rf08-11:	 00000002 00000003 00000000 00000000
rf12-15:	 00000000 00000000 00000000 00000000
rf16-19:	 00000000 00000000 00000000 00000000
rf20-23:	 00000000 00000000 00000000 00000000
rf24-27:	 00000000 00000000 00000000 00000000
rf28-31:	 00000000 00000000 00000000 00000000
pc:	 00000024
instr:		 xxxxxxxx
rf00-03:	 00000000 00000000 ffffffff 00000000
rf04-07:	 00000000 00000000 00000000 00000002
rf08-11:	 00000002 00000003 00000000 00000000
rf12-15:	 00000000 00000000 00000000 00000000
rf16-19:	 00000000 00000000 00000000 00000000
rf20-23:	 00000000 00000000 00000000 00000000
rf24-27:	 00000000 00000000 00000000 00000000
rf28-31:	 00000000 00000000 00000000 00000000
pc:	 00000028
instr:		 xxxxxxxx
rf00-03:	 00000000 00000000 ffffffff 00000000
rf04-07:	 00000000 00000000 00000000 00000002
rf08-11:	 00000002 00000003 00000000 00000000
rf12-15:	 00000000 00000000 00000000 00000000
rf16-19:	 00000000 00000000 00000000 00000000
rf20-23:	 00000000 00000000 00000000 00000000
rf24-27:	 00000000 00000000 00000000 00000000
rf28-31:	 00000000 00000000 00000000 00000000
pc:	 0000002c
instr:		 xxxxxxxx
rf00-03:	 00000000 00000000 ffffffff 00000000
rf04-07:	 00000000 00000000 00000000 00000002
rf08-11:	 00000002 00000003 00000000 00000000
rf12-15:	 00000000 00000000 00000000 00000000
rf16-19:	 00000000 00000000 00000000 00000000
rf20-23:	 00000000 00000000 00000000 00000000
rf24-27:	 00000000 00000000 00000000 00000000
rf28-31:	 00000000 00000000 00000000 00000000
pc:	 00000030
instr:		 xxxxxxxx
rf00-03:	 00000000 00000000 ffffffff 00000000
rf04-07:	 00000000 00000000 00000000 00000002
rf08-11:	 00000002 00000003 00000000 00000000
rf12-15:	 00000000 00000000 00000000 00000000
rf16-19:	 00000000 00000000 00000000 00000000
rf20-23:	 00000000 00000000 00000000 00000000
rf24-27:	 00000000 00000000 00000000 00000000
rf28-31:	 00000000 00000000 00000000 00000000
pc:	 00000034
instr:		 xxxxxxxx
rf00-03:	 00000000 00000000 ffffffff 00000000
rf04-07:	 00000000 00000000 00000000 00000002
rf08-11:	 00000002 00000003 00000000 00000000
rf12-15:	 00000000 00000000 00000000 00000000
rf16-19:	 00000000 00000000 00000000 00000000
rf20-23:	 00000000 00000000 00000000 00000000
rf24-27:	 00000000 00000000 00000000 00000000
rf28-31:	 00000000 00000000 00000000 00000000
pc:	 00000038
instr:		 xxxxxxxx
rf00-03:	 00000000 00000000 ffffffff 00000000
rf04-07:	 00000000 00000000 00000000 00000002
rf08-11:	 00000002 00000003 00000000 00000000
rf12-15:	 00000000 00000000 00000000 00000000
rf16-19:	 00000000 00000000 00000000 00000000
rf20-23:	 00000000 00000000 00000000 00000000
rf24-27:	 00000000 00000000 00000000 00000000
rf28-31:	 00000000 00000000 00000000 00000000
pc:	 0000003c
instr:		 xxxxxxxx
rf00-03:	 00000000 00000000 ffffffff 00000000
rf04-07:	 00000000 00000000 00000000 00000002
rf08-11:	 00000002 00000003 00000000 00000000
rf12-15:	 00000000 00000000 00000000 00000000
rf16-19:	 00000000 00000000 00000000 00000000
rf20-23:	 00000000 00000000 00000000 00000000
rf24-27:	 00000000 00000000 00000000 00000000
rf28-31:	 00000000 00000000 00000000 00000000
pc:	 00000040
instr:		 xxxxxxxx
rf00-03:	 00000000 00000000 ffffffff 00000000
rf04-07:	 00000000 00000000 00000000 00000002
rf08-11:	 00000002 00000003 00000000 00000000
rf12-15:	 00000000 00000000 00000000 00000000
rf16-19:	 00000000 00000000 00000000 00000000
rf20-23:	 00000000 00000000 00000000 00000000
rf24-27:	 00000000 00000000 00000000 00000000
rf28-31:	 00000000 00000000 00000000 00000000
pc:	 00000044
instr:		 xxxxxxxx
rf00-03:	 00000000 00000000 ffffffff 00000000
rf04-07:	 00000000 00000000 00000000 00000002
rf08-11:	 00000002 00000003 00000000 00000000
rf12-15:	 00000000 00000000 00000000 00000000
rf16-19:	 00000000 00000000 00000000 00000000
rf20-23:	 00000000 00000000 00000000 00000000
rf24-27:	 00000000 00000000 00000000 00000000
rf28-31:	 00000000 00000000 00000000 00000000
pc:	 00000048
instr:		 xxxxxxxx
rf00-03:	 00000000 00000000 ffffffff 00000000
rf04-07:	 00000000 00000000 00000000 00000002
rf08-11:	 00000002 00000003 00000000 00000000
rf12-15:	 00000000 00000000 00000000 00000000
rf16-19:	 00000000 00000000 00000000 00000000
rf20-23:	 00000000 00000000 00000000 00000000
rf24-27:	 00000000 00000000 00000000 00000000
rf28-31:	 00000000 00000000 00000000 00000000
